--- 
  version: 
    config: 1399937478
    puppet: "3.4.1"
  resources: 
    changed: 0
    failed: 1
    failed_to_restart: 0
    out_of_sync: 0
    restarted: 0
    scheduled: 0
    skipped: 0
    total: 12
  time: 
    config_retrieval: 1.62091052
    exec: 0.032278992
    file: 0.123314831
    filebucket: 0.00012027
    schedule: 0.0005347150000000001
    total: 1.777159328
    last_run: 1399937479
  changes: 
    total: 0
  events: 
    failure: 0
    success: 0
    total: 0
